model,temperature,user_prompt,systemPrompt1,systemPrompt2,systemPrompt3,systemPrompt4
gpt-3.5-turbo-0613,1,4 # 3 + 2,"GPT Response: To solve this problem using the expanded order of operations, we start by evaluating the prime factor counting operation before addition.

First, let's find the prime factors of 4 and 3:
Prime factors of 4: 2, 2
Prime factors of 3: 3

The shared prime factors between 4 and 3 are 2.
So, 4 # 3 = 1.

Now we can solve the expression: 4 # 3 + 2.
Using the expanded order of operations, we first evaluate prime factor counting, and then addition.

4 # 3 + 2 = 1 + 2 = 3.

Therefore, the answer is 3.","GPT Response: To solve the given problem using the updated order of operations, we need to follow the steps in the correct order:

Step 1: Evaluate prime factor counting (F)
4 # 3 = 0 (since there are no shared prime factors between 4 and 3)

Step 2: Perform addition (A/S)
0 + 2 = 2

Therefore, the solution to the given problem ""4 # 3 + 2"" is 2.

The answer is 2.","GPT Response: First, we need to evaluate the prime factor counting (F) operation, which calculates the unique prime factors shared between the absolute values of the numbers.

Therefore, 4 # 3 = |4| # |3| = |4| # |3| = 2 # 3 = 1, since the only shared prime factor between 4 and 3 is 2.

Now, we move on to the addition (A/S) operation. 

So, 4 # 3 + 2 = 1 + 2 = 3.

Therefore, the final answer is 3.","GPT Response: To solve the expression 4 # 3 + 2 using the updated order of operations (PEFMDASC), let's break it down step by step.

Step 1: Evaluate the prime factor counting (F) operation.
   - 4 # 3 = 2 (since the prime factors of 4 are 2, and the prime factors of 3 are 3, and they have no shared prime factors)

Step 2: Perform the addition (A) operation.
   - 2 + 2 = 4

Therefore, the answer is 4."
gpt-3.5-turbo-0613,1,5 + 2 @ 4,"GPT Response: To solve this problem using the expanded order of operations, we start by evaluating the operations inside parentheses, but there are no parentheses in this expression. 

Next, we look for any exponents, but there are no exponents in this expression either. 

Moving on to prime factor counting, we need to evaluate the operations involving the # symbol. However, there are no # symbols in this expression. 

After that, we perform any multiplication or division operations from left to right. Again, there are no multiplication or division operations in this expression. 

Finally, we perform any addition or subtraction operations from left to right. In this expression, the only addition operation is 5 + 2, which equals 7. 

Lastly, we evaluate the concatenation operation by joining the digits of the previous result with the digits of 4. 
Therefore, the answer to the given problem is 74.","GPT Response: To solve this problem, we need to follow the new order of operations.

Step 1: Evaluate the concatenation operation @ first.
2 @ 4 = 24

Step 2: Perform addition.
5 + 24 = 29

Therefore, the final answer is 29.

The answer is 29.","GPT Response: To solve this problem using the new operations and order of operations, we follow the order of operations:

1. Addition and Subtraction (from left to right): 
   5 + 2 = 7

2. Concatenation:
   Since there are no more addition or subtraction operations, we can perform the concatenation operation.
   7 @ 4 = 74

Therefore, the answer to the given problem ""5 + 2 @ 4"" is ""The answer is 74.""","GPT Response: To solve the expression 5 + 2 @ 4 using the updated order of operations (PEFMDASC), let's break it down step by step.

Step 1: Evaluate the concatenation operation (@).

Since concatenation is the last operation in the order of operations, we need to evaluate the concatenation before doing addition.

To concatenate 2 and 4, we join the digits together to get 24.

So, 2 @ 4 = 24.

Step 2: Perform addition.

Now, we can do the addition 5 + 24.

5 + 24 = 29.

Therefore, the final answer is 29.

The answer is 29."
gpt-3.5-turbo-0613,1,5 + 3 # 2,"GPT Response: To solve this problem using the expanded order of operations, we start by evaluating the prime factor counting operation before addition.

First, let's find the prime factors of 3 and 2:
Prime factors of 3: {3}
Prime factors of 2: {2}

There are no shared prime factors between 3 and 2, so the result of the prime factor counting operation is 0.

Now, we can perform the addition operation:
5 + 0 = 5

Therefore, the answer is 5.","GPT Response: According to the updated order of operations, we need to evaluate the expression inside the parentheses first. There are no parentheses in this expression, so we move on to the next operation, which is prime factor counting (F). The prime factors of 5 are only 5 itself, and the prime factors of 3 are only 3 itself. Since there is no shared prime factor between 5 and 3, the result of 5 # 3 is 0.

So, the expression becomes 5 + 0 # 2. Moving on to the next operation, which is addition (A), we have 5 + 0, which gives us 5. Finally, we evaluate the prime factor counting (F) operation between the result (5) and 2. The prime factors of 5 are only 5 itself, and the prime factors of 2 are only 2 itself. Again, there is no shared prime factor, so the result of 5 # 2 is 0.

Therefore, the final answer is 5.","GPT Response: First, we need to evaluate the prime factor counting (F) operation, which calculates the unique prime factors shared between the absolute values of 5 and 2.

The prime factors of 5 are 5 itself, and the prime factors of 2 are 2. There is no shared prime factor between 5 and 2, so the result of 5 # 2 is 0.

Now, we can perform the addition (A) operation between 5 and the result of prime factor counting, which is 0.

5 + 0 = 5

Therefore, the final answer is ""The answer is 5.""","GPT Response: To solve the expression 5 + 3 # 2 using the updated order of operations (PEFMDASC), let's break it down step by step:

Step 1: Evaluate the prime factor counting (F) operation.
   Since 3 and 2 are both prime numbers and they do not share any common prime factors, the result of 3 # 2 is 0.
   Therefore, the expression now becomes 5 + 0.

Step 2: Perform addition (A) operation.
   Adding 5 and 0, we get 5.
   
The answer is 5."
gpt-3.5-turbo-0613,1,6 @ (14 + 4) + 12 - 2 # 3,"GPT Response: First, let's solve the expressions inside the parentheses:
14 + 4 = 18

Now, let's solve the prime factor counting:
2 # 3 = 1 (as the only shared prime factor between 2 and 3 is 2)

Now, let's perform the concatenation operation:
6 @ 18 = 618

Next, let's perform the addition and subtraction:
618 + 12 - 1 = 629

Therefore, the final answer is 629","GPT Response: To solve this expression using the updated order of operations, we will follow the steps below:

Step 1: Evaluate what's inside the parentheses.
14 + 4 = 18

Step 2: Perform the prime factor counting operation.
2 # 3 = 1 (since the only shared prime factor between 2 and 3 is 2)

Step 3: Perform the concatenation operation.
6 @ 18 = 618

Step 4: Perform addition and subtraction from left to right.
618 + 12 = 630
630 - 1 = 629

Therefore, the final answer is 629.","GPT Response: To solve this problem, we need to follow the order of operations as outlined above: PEFMDASC.

First, we evaluate the expression inside the parentheses:
14 + 4 = 18.

Next, we perform the concatenation operation:
6 @ 18 = 618.

Moving on to the subtraction:
618 - 2.

Now, we calculate the prime factor counting:
2 # 3 = 1.

Finally, we perform subtraction:
618 - 1 = 617.

Therefore, the answer is 617.","GPT Response: Step 1: Evaluate what is inside the parentheses first.
Inside the parentheses, we have 14 + 4 = 18.

The expression becomes: 6 @ 18 + 12 - 2 # 3.

Step 2: Evaluate concatenation (C) from left to right.
In this case, we have 6 @ 18 = 618.

The expression becomes: 618 + 12 - 2 # 3.

Step 3: Evaluate addition and subtraction (A/S) from left to right.
618 + 12 = 630.

The expression becomes: 630 - 2 # 3.

Step 4: Evaluate prime factor counting (F) between 2 and 3.
2 # 3 = 1, since the only shared prime factor between 2 and 3 is 2.

The expression becomes: 630 - 1.

Step 5: Evaluate subtraction (A/S).
630 - 1 = 629.

The answer is 629."
gpt-3.5-turbo-0613,1,8 # 2 + 6 # 6,"GPT Response: To solve this expression, we follow the order of operations (PEFMDASC).

First, let's evaluate the prime factor counting (F) operations:
- 8 # 2: The prime factors of 8 are 2 and 2, and the prime factors of 2 are 2. The shared prime factor is 2.
- 6 # 6: The prime factors of 6 are 2 and 3, and the prime factors of 6 are 2 and 3. The shared prime factors are 2 and 3.

Next, let's evaluate the addition (A) operation:
- 2 + 2: The result is 4.

The final answer is 4.","GPT Response: To solve the given expression, we need to follow the revised order of operations: PEFMDASC.

Step 1: Evaluate prime factor counting (F) operations from left to right.
8 # 2 = 1 (There is only 1 shared prime factor, which is 2)
6 # 6 = 2 (There are 2 shared prime factors, which are 2 and 3)

Step 2: Evaluate addition (A) operation from left to right.
1 + 2 = 3

Therefore, the final answer is 3.","GPT Response: To solve this problem, we need to follow the updated order of operations: PEFMDASC.

Step 1: Prime Factor Counting
8 # 2 = 1 (since the prime factorization of 8 is 2 and the prime factorization of 2 is 2, which means there is one shared prime factor)

Step 2: Addition
1 + 6 # 6 = 1 + 2 (since the prime factorization of 6 is 2 and the prime factorization of 6 is 2, which means there are two shared prime factors)

Step 3: Prime Factor Counting
1 + 2 = 1 + 2 = 3 (since there are no shared prime factors between 1 and 2)

Therefore, the final answer is 3.","GPT Response: To solve the expression 8 # 2 + 6 # 6 using the PEFMDASC order, we need to follow the order of operations and evaluate each step systematically.

Step 1: Prime Factor Counting (F)
Let's start with evaluating the prime factor counting between 8 and 2.
The prime factors of 8 are 2 and 2.
The prime factors of 2 are 2.
The shared prime factor between 8 and 2 is 2.

So, 8 # 2 = 1.

Step 2: Prime Factor Counting (F)
Next, let's evaluate the prime factor counting between 6 and 6.
The prime factors of 6 are 2 and 3.
The prime factors of 6 are 2 and 3.
The shared prime factors between 6 and 6 are 2 and 3.

So, 6 # 6 = 2.

Step 3: Addition (A)
Now, we need to perform the addition operation between 1 and 2.

1 + 2 = 3.

Therefore, 8 # 2 + 6 # 6 is equal to 3.

The answer is 3."
